000593
001024
000282
001124
000945
000213
000659
001016
000049
001054
000844
001177
000934
000663
000841
000695
000174
001274
000253
000183
000970
000263
000668
001163
001310
000461
000652
000134
000768
001233
001011
000095
001116
000653
000364
000791
000956
000116
000350
000471
001085
000363
000311
001073
001327
000780
000277
001052
000856
000096
001158
000381
000309
000418
000428
000549
000522
000317
000631
000429
000481
000639
000432
000719
000198
000778
001051
000647
000750
000585
000360
000042
000975
000401
000865
000149
001017
001217
001276
000275
000034
000949
000590
000323
001032
000488
000872
000340
000953
000770
000618
001058
001196
000760
001179
000177
001134
000288
000218
000407
000160
000899
000594
000161
001269
000667
000641
000503
000868
000402
000339
001014
000175
001072
001296
000368
000278
000190
001197
000642
000797
000123
001170
001203
000878
000283
000322
